13870604573
13870674376
13755643810
13970917864
13979130143
13979121614
13970915127
13970917854
13767413004
13576080371
13803517459
13732929543
13870664906
13970940195
13576070763
13767008649
13767095563
15979050512
15970680486
15870000959
13317002252
13707966487
13970851864
15970648886
15870000114
13097202928
13177841166
13576959109
13767104215
13576037784
13970877007
13576007946
15979153818
13479165300
15970681748
13807091475
13970927485
13576071711
13970850508
13065110652
13970914499
15970427210
13007229363
13870926400
13479159197
13767973469
13870957014
13970014075
13970852329
13767046091
13576268225
13755780218
13576076863
13803518466
13870898557
13970852714
13576034075
13732924085
13576076731
13699560816
13767056802
13755644302
13576286089
13970893272
15870001630
15979194418
15870033255
13755616379
13767040727
13870676648
15970422046
13767068692
13970940177
13006215542
15870680107
15979168180
13870689976
15870664286
13177528726
13177803431
15807009643
13803517746
13767133758
13755619719
13576001243
13870960369
13870821164
13907009572
13970850671
15807007815
13907087059
15979050541
13517002763
13699532941
7916905643
13755615986
13207003689
13870857329
13870967248
15807009608
15907009608
13755634043
13767419778
7915380824
15870000719
15970648619
15907085141
15807008417
13687658532
15970477416
13077911979
13367093157
15079190103
13207003186
13767996448
13870966249
13870967249
13879067249
13879174659
13170870477
13576085162
13767018061
13732967156
15979053920
13870967249
13879067249
13576016312
13207003153
15979194480
13803512647
13767973948
13576258849
13767089403
13207003162
13732965121
13755643808
13767124391
15979053935
13576283033
15979053930
13755656124
13732929190
13576003647
13755641809
13755641527
13596792331
13732923936
13576980746
13767095947
15870002412
13970078580
13767416218
13767973749
13755643164
13970919346
13870947535
13879122418
15979026263
13479167608
13732916458
15970427336
15807009316
13576045839
13879103141
13767975873
13767121219
13970027087
15070098072
13755785458
13767106585
13133829386
13767166977
13755610752
13177861632
15070098072
13732929266
13576119377
15870000374
15870001662
15870000394
15979016797
13517005387
15807008846
13807098323
13767977093
13767977122
13767977089
15870001662
13177896117
13767104411
13177896285
13407914997
13177897117
13970876524
13803527017
13479150642
13479123213
13870979547
13576292618
13870976145
13576953472
13607049175
13970882024
13576990806
13732927248
13732927249
13755640196
13970823321
13970080644
13407914997
15970428880
13767974412
13576953472
15879039847
15979005321
13479152436
13732929169
13077934570
15879174291
13576022466
13767104411
13970014448
13755641568
13870327458
13870976704
13576047253
13755795825
13970870453
13870979389
15979195589
13970802117
13870075027
15870002120
13767117121
13732931107
13970018411
15970600630
13767118416
13870998420
15979179841
13755633798
13576031186
13870668745
13755660192
15870665021
13767977011
13870979915
13755795826
13732931289
13767006994
13767079007
13870069486
13407910296
13755788094
13970804326
13755616723
13870073357
13755641826
13970869716
13767006994
15870002073
13085580312
13755681616
15879056864
15979050857
13755641826
13879942249
13970936203
13755643916
13970942276
13767974408
13970078438
13732926429
13870979602
13732929287
13732929306
13979130234
13576292412
15079041379
13177804020
13037208677
13133825596
13177896010
13755640369
13177857158
13177897158
15870002481
13732935770
13803512968
13879125344
13970922842
13755641805
13732930415
13970076491
13732926409
13767974408
15979053965
13177864689
15807009607
13970033680
13979182548
13576952426
15870644740
13970078438
13755621310
13755698057
15870665007
7915965069
13647913957
7917120459
13803523005
13870059940
13097217042
13007237456
13870058750
13970854065
15907085479
13755643806
13970816218
15970648661
13870685463
13732967170
13507972402
13870969274
13479153701
13755641018
13133813221
13755633547
15879060537
13755665707
13767095847
13870684847
13879129439
13576202590
13576952419
15870000306
13970942280
13732914814
13177896883
13870095995
13870069804
13970018411
15870001162
13767400347
13755665557
13755641856
13755632224
15870002482
13576928204
13755641560
13732927248
13576968295
15907085240
15970422921
13177784421
15807009416
15870001447
15870001449
15807009415
13767123321
13767104889
13479114084
13970907306
13479156685
13803527737
13870684847
13732946448
13767995865
13755640237
13755674892
13755642399
15970423159
13970816218
13879126466
13755641760
13755641658
13767077757
13970071424
13576034887
13177896019
13330100320
13576004019
13970914113
13970091406
15870001783
13870921056
13732929150
13207004275
13970867865
15979009070
7913164094
15870000400
13755638298
13767970275
15870680151
15870665115
7913199678
13755640143
7978623689
15807009707
13755665701
13767122769
13970867865
13705555378
13767178845
13732935770
13970946479
15979053478
13767973874
15970446131
13970077564
13879132453
13767027512
13755640322
13767959136
15870624561
13970868757
13037226465
13755683866
15807007702
13970907050
07915380824
07917120464
15870000719
13767185563
13807034534
13803519964
13970877646
13767408745
13135220699
13767196991
13767045168
13065120057
13607093422
13768574102
13970942431
